[ACTOR1]
acu.dist=50
acu.mlle=50.000000
acu.wpon=50
atype_entity=0
gcoord.a=95.927528
gcoord.x=2491.168945
gcoord.y=-1669.383789
gcoord.z=12.343750
health_armor=100000
ifp.anim=0
ifp.file=0
lcoord.a=95.927528
lcoord.x=2491.111572
lcoord.y=-1669.393921
lcoord.z=12.343750
model=106
props=518
rep.anim=12
special=0
sty.fght=0
sty.walk=0
type=4
weapon_ammon=0

[ACTOR2]
acu.dist=50
acu.mlle=50.000000
acu.wpon=50
atype_entity=0
gcoord.a=194.127197
gcoord.x=2488.395020
gcoord.y=-1671.219971
gcoord.z=12.343750
health_armor=100000
ifp.anim=0
ifp.file=0
lcoord.a=0.000000
lcoord.x=0.000000
lcoord.y=0.000000
lcoord.z=0.000000
model=105
props=518
rep.anim=47
special=0
sty.fght=0
sty.walk=0
type=4
weapon_ammon=0

[CAR1]
color.a=114
color.b=1
color.c=0
color.d=0
gcoord.x=2488.049561
gcoord.y=-1669.491089
gcoord.z=13.258935
gquat.w=0.001757
gquat.x=-0.001597
gquat.y=-0.673020
gquat.z=0.739620
health=1000
lcoord.a=0.000000
lcoord.x=0.000000
lcoord.y=0.000000
lcoord.z=0.000000
model=567
paint=-1
props=6
siren=0

[camera]
pos.x=2265.250000
pos.y=-1267.088257
pos.z=25.004499
see.x=2265.589355
see.y=-1268.013062
see.z=24.832212
set.att.ent=0
set.att.num=0
set.dizziness=0
set.filter=0
set.fov=70.000000
set.opacity=0
set.see.ent=0
set.see.num=0
set.shake=0
set.stagger=0
set.static=0
set.type=0

[game]
set.interior=0
set.speed=1.000000
show.actors=1.000000
show.vehics=1.000000

[main]
saved=1

[numbers]
actors=0
objects=0
vehicles=0

[player]
acu.dist=0
acu.mlle=0
acu.wpon=0
armour=0
gcoord.a=199.280014
gcoord.x=2266.433838
gcoord.y=-1270.315430
gcoord.z=22.803225
health=125
ifp.anim=0
ifp.file=0
lcoord.a=0.000000
lcoord.x=0.000000
lcoord.y=0.000000
lcoord.z=0.000000
model=0
props=2
rep.anim=-1
special=0
sty.fght=0
sty.walk=0
weapon=0

[time]
set.hour=6
set.minute=46
set.stoped=0
set.weather=0

