[VEHICLE1]
model=400
pos.x=206.444
pos.y=-36.589
pos.z=1001.9
quat.x=0
quat.y=0
quat.z=0.63124
quat.w=0.775588
solid=0
paint=-1
color.1=123
color.2=1
color.3=0
color.4=0
health=1000
visible=1
inmune=0
[VEHICLE2]
model=559
pos.x=201.466
pos.y=-44.7729
pos.z=1001.47
quat.x=-7.14158e-05
quat.y=-4.43558e-05
quat.z=0.452945
quat.w=0.891538
solid=1
paint=1
color.1=6
color.2=1
color.3=0
color.4=0
health=1000
visible=1
inmune=0