[OBJECT1]
model=679
pos.x=2490.31
pos.y=-1669.14
pos.z=12.4544
quat.x=0
quat.y=0
quat.z=-0.358368
quat.w=0.93358
solid=0
visible=1